0 0 0
5e-05 3090 2181
0.0001 5877 4257
0.00015 8090 6129
0.0002 9510 7705
0.00025 9999 8910
0.0003 9510 9685
0.00035 8090 9995
0.0004 5877 9822
0.00045 3090 9177
0.0005 0 8090
0.00055 -3090 6613
0.0006 -5877 4817
0.00065 -8090 2789
0.0007 -9510 627
0.00075 -9999 -1564
0.0008 -9510 -3681
0.00085 -8090 -5620
0.0009 -5877 -7289
0.00095 -3090 -8607
0.001 0 -9510
0.00105 3090 -9955
0.0011 5877 -9921
0.00115 8090 -9408
0.0012 9510 -8443
0.00125 9999 -7071
0.0013 9510 -5358
0.00135 8090 -3387
0.0014 5877 -1253
0.00145 3090 941
0.0015 0 3090
0.00155 -3090 5090
0.0016 -5877 6845
0.00165 -8090 8270
0.0017 -9510 9297
0.00175 -9999 9876
0.0018 -9510 9980
0.00185 -8090 9602
0.0019 -5877 8763
0.00195 -3090 7501
0.002 0 5877
0.00205 3090 3971
0.0021 5877 1873
0.00215 8090 -314
0.0022 9510 -2486
0.00225 9999 -4539
0.0023 9510 -6374
0.00235 8090 -7901
0.0024 5877 -9048
0.00245 3090 -9759
0.0025 0 -9999
0.00255 -3090 -9759
0.0026 -5877 -9048
0.00265 -8090 -7901
0.0027 -9510 -6374
0.00275 -9999 -4539
0.0028 -9510 -2486
0.00285 -8090 -314
0.0029 -5877 1873
0.00295 -3090 3971
0.003 0 5877
0.00305 3090 7501
0.0031 5877 8763
0.00315 8090 9602
0.0032 9510 9980
0.00325 9999 9876
0.0033 9510 9297
0.00335 8090 8270
0.0034 5877 6845
0.00345 3090 5090
0.0035 0 3090
0.00355 -3090 941
0.0036 -5877 -1253
0.00365 -8090 -3387
0.0037 -9510 -5358
0.00375 -9999 -7071
0.0038 -9510 -8443
0.00385 -8090 -9408
0.0039 -5877 -9921
0.00395 -3090 -9955
0.004 0 -9510
0.00405 3090 -8607
0.0041 5877 -7289
0.00415 8090 -5620
0.0042 9510 -3681
0.00425 9999 -1564
0.0043 9510 627
0.00435 8090 2789
0.0044 5877 4817
0.00445 3090 6613
0.0045 0 8090
0.00455 -3090 9177
0.0046 -5877 9822
0.00465 -8090 9995
0.0047 -9510 9685
0.00475 -9999 8910
0.0048 -9510 7705
0.00485 -8090 6129
0.0049 -5877 4257
0.00495 -3090 2181
0.005 0 0
0.00505 3090 -2181
0.0051 5877 -4257
0.00515 8090 -6129
0.0052 9510 -7705
0.00525 9999 -8910
0.0053 9510 -9685
0.00535 8090 -9995
0.0054 5877 -9822
0.00545 3090 -9177
0.0055 0 -8090
0.00555 -3090 -6613
0.0056 -5877 -4817
0.00565 -8090 -2789
0.0057 -9510 -627
0.00575 -9999 1564
0.0058 -9510 3681
0.00585 -8090 5620
0.0059 -5877 7289
0.00595 -3090 8607
0.006 0 9510
0.00605 3090 9955
0.0061 5877 9921
0.00615 8090 9408
0.0062 9510 8443
0.00625 9999 7071
0.0063 9510 5358
0.00635 8090 3387
0.0064 5877 1253
0.00645 3090 -941
0.0065 0 -3090
0.00655 -3090 -5090
0.0066 -5877 -6845
0.00665 -8090 -8270
0.0067 -9510 -9297
0.00675 -9999 -9876
0.0068 -9510 -9980
0.00685 -8090 -9602
0.0069 -5877 -8763
0.00695 -3090 -7501
0.007 0 -5877
0.00705 3090 -3971
0.0071 5877 -1873
0.00715 8090 314
0.0072 9510 2486
0.00725 9999 4539
0.0073 9510 6374
0.00735 8090 7901
0.0074 5877 9048
0.00745 3090 9759
0.0075 0 9999
0.00755 -3090 9759
0.0076 -5877 9048
0.00765 -8090 7901
0.0077 -9510 6374
0.00775 -9999 4539
0.0078 -9510 2486
0.00785 -8090 314
0.0079 -5877 -1873
0.00795 -3090 -3971
0.008 0 -5877
0.00805 3090 -7501
0.0081 5877 -8763
0.00815 8090 -9602
0.0082 9510 -9980
0.00825 9999 -9876
0.0083 9510 -9297
0.00835 8090 -8270
0.0084 5877 -6845
0.00845 3090 -5090
0.0085 0 -3090
0.00855 -3090 -941
0.0086 -5877 1253
0.00865 -8090 3387
0.0087 -9510 5358
0.00875 -9999 7071
0.0088 -9510 8443
0.00885 -8090 9408
0.0089 -5877 9921
0.00895 -3090 9955
0.009 0 9510
0.00905 3090 8607
0.0091 5877 7289
0.00915 8090 5620
0.0092 9510 3681
0.00925 9999 1564
0.0093 9510 -627
0.00935 8090 -2789
0.0094 5877 -4817
0.00945 3090 -6613
0.0095 0 -8090
0.00955 -3090 -9177
0.0096 -5877 -9822
0.00965 -8090 -9995
0.0097 -9510 -9685
0.00975 -9999 -8910
0.0098 -9510 -7705
0.00985 -8090 -6129
0.0099 -5877 -4257
0.00995 -3090 -2181
0.01 0 0
0.01005 3090 2181
0.0101 5877 4257
0.01015 8090 6128
0.0102 9510 7705
0.01025 9999 8910
0.0103 9510 9685
0.01035 8090 9995
0.0104 5877 9822
0.01045 3090 9177
0.0105 0 8090
0.01055 -3090 6613
0.0106 -5877 4817
0.01065 -8090 2790
0.0107 -9510 628
0.01075 -9999 -1564
0.0108 -9510 -3681
0.01085 -8090 -5620
0.0109 -5877 -7289
0.01095 -3090 -8607
0.011 0 -9510
0.01105 3090 -9955
0.0111 5877 -9921
0.01115 8090 -9408
0.0112 9510 -8443
0.01125 9999 -7071
0.0113 9510 -5358
0.01135 8090 -3387
0.0114 5877 -1253
0.01145 3090 940
0.0115 0 3090
0.01155 -3090 5090
0.0116 -5877 6845
0.01165 -8090 8270
0.0117 -9510 9297
0.01175 -9999 9876
0.0118 -9510 9980
0.01185 -8090 9602
0.0119 -5877 8763
0.01195 -3090 7501
0.012 0 5877
0.01205 3090 3971
0.0121 5877 1873
0.01215 8090 -313
0.0122 9510 -2486
0.01225 9999 -4539
0.0123 9510 -6374
0.01235 8090 -7901
0.0124 5877 -9048
0.01245 3090 -9759
0.0125 0 -9999
0.01255 -3090 -9759
0.0126 -5877 -9048
0.01265 -8090 -7901
0.0127 -9510 -6374
0.01275 -9999 -4540
0.0128 -9510 -2487
0.01285 -8090 -314
0.0129 -5878 1873
0.01295 -3090 3971
0.013 0 5877
0.01305 3089 7501
0.0131 5877 8763
0.01315 8090 9602
0.0132 9510 9980
0.01325 9999 9876
0.0133 9510 9297
0.01335 8090 8270
0.0134 5878 6845
0.01345 3090 5090
0.0135 0 3090
0.01355 -3089 941
0.0136 -5877 -1253
0.01365 -8090 -3387
0.0137 -9510 -5358
0.01375 -9999 -7070
0.0138 -9510 -8443
0.01385 -8090 -9408
0.0139 -5878 -9921
0.01395 -3090 -9955
0.014 0 -9510
0.01405 3089 -8607
0.0141 5877 -7289
0.01415 8090 -5620
0.0142 9510 -3681
0.01425 9999 -1564
0.0143 9510 627
0.01435 8090 2789
0.0144 5878 4817
0.01445 3090 6613
0.0145 0 8090
0.01455 -3089 9177
0.0146 -5877 9822
0.01465 -8090 9995
0.0147 -9510 9685
0.01475 -9999 8910
0.0148 -9510 7705
0.01485 -8090 6129
0.0149 -5878 4257
0.01495 -3090 2181
0.015 0 0
0.01505 3089 -2181
0.0151 5877 -4257
0.01515 8090 -6128
0.0152 9510 -7705
0.01525 9999 -8909
0.0153 9510 -9685
0.01535 8090 -9995
0.0154 5878 -9822
0.01545 3090 -9177
0.0155 0 -8090
0.01555 -3089 -6613
0.0156 -5877 -4817
0.01565 -8090 -2790
0.0157 -9510 -628
0.01575 -9999 1564
0.0158 -9510 3681
0.01585 -8090 5620
0.0159 -5878 7289
0.01595 -3090 8607
0.016 0 9510
0.01605 3089 9955
0.0161 5877 9921
0.01615 8090 9408
0.0162 9510 8443
0.01625 9999 7071
0.0163 9510 5358
0.01635 8090 3387
0.0164 5878 1253
0.01645 3090 -940
0.0165 0 -3090
0.01655 -3089 -5090
0.0166 -5877 -6845
0.01665 -8090 -8270
0.0167 -9510 -9297
0.01675 -9999 -9876
0.0168 -9510 -9980
0.01685 -8090 -9602
0.0169 -5878 -8763
0.01695 -3090 -7501
0.017 0 -5877
0.01705 3089 -3971
0.0171 5877 -1873
0.01715 8090 313
0.0172 9510 2486
0.01725 9999 4539
0.0173 9510 6374
0.01735 8090 7901
0.0174 5878 9048
0.01745 3090 9759
0.0175 0 9999
0.01755 -3089 9759
0.0176 -5877 9048
0.01765 -8090 7901
0.0177 -9510 6374
0.01775 -9999 4540
0.0178 -9510 2487
0.01785 -8090 314
0.0179 -5878 -1873
0.01795 -3090 -3971
0.018 0 -5877
0.01805 3089 -7500
0.0181 5877 -8762
0.01815 8090 -9602
0.0182 9510 -9980
0.01825 9999 -9876
0.0183 9510 -9297
0.01835 8090 -8270
0.0184 5878 -6845
0.01845 3090 -5090
0.0185 0 -3090
0.01855 -3089 -941
0.0186 -5877 1253
0.01865 -8090 3387
0.0187 -9510 5358
0.01875 -9999 7070
0.0188 -9510 8443
0.01885 -8090 9408
0.0189 -5878 9921
0.01895 -3090 9955
0.019 0 9510
0.01905 3089 8607
0.0191 5877 7289
0.01915 8090 5620
0.0192 9510 3681
0.01925 9999 1564
0.0193 9510 -627
0.01935 8090 -2789
0.0194 5878 -4817
0.01945 3090 -6612
0.0195 0 -8090
0.01955 -3089 -9177
0.0196 -5877 -9822
0.01965 -8090 -9995
0.0197 -9510 -9685
0.01975 -9999 -8910
0.0198 -9510 -7705
0.01985 -8090 -6129
0.0199 -5878 -4257
0.01995 -3090 -2181
0.02 0 0
0.02005 3089 2181
0.0201 5877 4257
0.02015 8090 6128
0.0202 9510 7705
0.02025 9999 8909
0.0203 9510 9685
0.02035 8090 9995
0.0204 5878 9822
0.02045 3090 9177
0.0205 0 8090
0.02055 -3089 6613
0.0206 -5877 4817
0.02065 -8089 2790
0.0207 -9510 628
0.02075 -9999 -1564
0.0208 -9510 -3681
0.02085 -8090 -5620
0.0209 -5878 -7289
0.02095 -3090 -8607
0.021 0 -9510
0.02105 3089 -9955
0.0211 5877 -9921
0.02115 8089 -9408
0.0212 9510 -8443
0.02125 9999 -7071
0.0213 9510 -5358
0.02135 8090 -3387
0.0214 5878 -1253
0.02145 3090 940
0.0215 0 3089
0.02155 -3089 5090
0.0216 -5877 6845
0.02165 -8089 8270
0.0217 -9510 9297
0.02175 -9999 9876
0.0218 -9510 9980
0.02185 -8090 9602
0.0219 -5878 8763
0.02195 -3090 7501
0.022 0 5878
0.02205 3089 3971
0.0221 5877 1874
0.02215 8089 -313
0.0222 9510 -2486
0.02225 9999 -4539
0.0223 9510 -6374
0.02235 8090 -7901
0.0224 5878 -9048
0.02245 3090 -9759
0.0225 0 -9999
0.02255 -3089 -9759
0.0226 -5877 -9048
0.02265 -8089 -7901
0.0227 -9510 -6374
0.02275 -9999 -4540
0.0228 -9510 -2487
0.02285 -8090 -314
0.0229 -5878 1873
0.02295 -3090 3971
0.023 0 5877
0.02305 3089 7500
0.0231 5877 8762
0.02315 8089 9602
0.0232 9510 9980
0.02325 9999 9876
0.0233 9510 9297
0.02335 8090 8270
0.0234 5878 6845
0.02345 3090 5090
0.0235 0 3090
0.02355 -3089 941
0.0236 -5877 -1253
0.02365 -8089 -3387
0.0237 -9510 -5358
0.02375 -9999 -7070
0.0238 -9510 -8443
0.02385 -8090 -9408
0.0239 -5878 -9921
0.02395 -3090 -9955
0.024 0 -9510
0.02405 3089 -8607
0.0241 5877 -7289
0.02415 8089 -5621
0.0242 9510 -3681
0.02425 9999 -1564
0.0243 9510 627
0.02435 8090 2789
0.0244 5878 4817
0.02445 3090 6612
0.0245 0 8090
0.02455 -3089 9177
0.0246 -5877 9822
0.02465 -8089 9995
0.0247 -9510 9685
0.02475 -9999 8910
0.0248 -9510 7705
0.02485 -8090 6129
0.0249 -5878 4258
0.02495 -3090 2181
